Dynamical matrix file
default                                                                    
  3   12   0   7.6533908   0.0000000   0.0000000   0.0000000   0.0000000   0.0000000
Basis vectors
      1.000000000    0.000000000    0.000000000
      0.000000000    1.000000000    0.000000000
      0.000000000    0.000000000    2.135802469
           1  'U      '    216950.07971292851     
           2  'O      '    14582.196445495396     
           3  'Te     '    116300.28542066456     
    1    1      0.7500000000      0.7500000000      0.3618348395
    2    1      0.2500000000      0.2500000000      1.7739676296
    3    1      0.2500000000      0.2500000000      0.7060663951
    4    1      0.7500000000      0.7500000000      1.4297360741
    5    3      0.7500000000      0.7500000000      1.9801131481
    6    3      0.7500000000      0.7500000000      0.9122119136
    7    3      0.2500000000      0.2500000000      0.1556893210
    8    3      0.2500000000      0.2500000000      1.2235905556
    9    2      0.7500000000      0.2500000000      1.6018518519
   10    2      0.7500000000      0.2500000000      0.5339506173
   11    2      0.2500000000      0.7500000000      1.6018518519
   12    2      0.2500000000      0.7500000000      0.5339506173

     Dynamical  Matrix in cartesian axes

     q = (    0.000000000   0.000000000   0.000000000 ) 

    1    1
  1.42967081   0.00000000    -0.11259925   0.00000000    -0.08027039   0.00000000
 -0.11259925   0.00000000     1.42967081   0.00000000    -0.08027039   0.00000000
 -0.08027039   0.00000000    -0.08027039   0.00000000     2.75238374   0.00000000
    1    2
 -0.61532059   0.00000000    -0.39494644   0.00000000     0.13989528   0.00000000
 -0.39494644   0.00000000    -0.61532059   0.00000000     0.13989528   0.00000000
  0.13989528   0.00000000     0.13989528   0.00000000     0.65224310   0.00000000
    1    3
  0.91958088   0.00000000    -1.69134819   0.00000000    -0.09554652   0.00000000
 -1.69134819   0.00000000     0.91958088   0.00000000    -0.09554652   0.00000000
  0.08494045   0.00000000     0.08494045   0.00000000     0.15436895   0.00000000
    1    4
  0.31846624   0.00000000     0.60424714   0.00000000     0.03019085   0.00000000
  0.60424714   0.00000000     0.31846624   0.00000000     0.03019085   0.00000000
 -0.17518722   0.00000000    -0.17518722   0.00000000    -0.15123473   0.00000000
    1    5
  0.68352768   0.00000000    -0.24735600   0.00000000     0.14639479   0.00000000
 -0.24735600   0.00000000     0.68352768   0.00000000     0.14639479   0.00000000
  0.17744895   0.00000000     0.17744895   0.00000000    -2.02585793   0.00000000
    1    6
 -0.38004061   0.00000000     0.65854243   0.00000000    -0.13338657   0.00000000
  0.65854243   0.00000000    -0.38004061   0.00000000    -0.13338657   0.00000000
 -0.00092455   0.00000000    -0.00092455   0.00000000    -1.36755753   0.00000000
    1    7
  0.21756659   0.00000000    -0.44537209   0.00000000     0.07680590   0.00000000
 -0.44537209   0.00000000     0.21756659   0.00000000     0.07680590   0.00000000
 -0.14880779   0.00000000    -0.14880779   0.00000000    -0.16657772   0.00000000
    1    8
 -0.21282096   0.00000000     0.04406750   0.00000000    -0.11497394   0.00000000
  0.04406750   0.00000000    -0.21282096   0.00000000    -0.11497394   0.00000000
  0.05167910   0.00000000     0.05167910   0.00000000     0.02860288   0.00000000
    1    9
  0.09515545   0.00000000     0.21609679   0.00000000    -0.12062577   0.00000000
  0.21464234   0.00000000    -0.71643324   0.00000000     0.15125325   0.00000000
  0.07814089   0.00000000     0.02632344   0.00000000     0.11535173   0.00000000
    1   10
 -0.42458267   0.00000000    -0.46089842   0.00000000    -0.45178528   0.00000000
  0.94332888   0.00000000    -0.13838921   0.00000000     0.46795467   0.00000000
 -0.02345520   0.00000000    -0.01729993   0.00000000     0.14819763   0.00000000
    1   11
 -0.71643324   0.00000000     0.21464234   0.00000000     0.15125325   0.00000000
  0.21609679   0.00000000     0.09515545   0.00000000    -0.12062577   0.00000000
  0.02632344   0.00000000     0.07814089   0.00000000     0.11535173   0.00000000
    1   12
 -0.13838921   0.00000000     0.94332888   0.00000000     0.46795467   0.00000000
 -0.46089842   0.00000000    -0.42458267   0.00000000    -0.45178528   0.00000000
 -0.01729993   0.00000000    -0.02345520   0.00000000     0.14819763   0.00000000
    2    1
 -0.61532059   0.00000000    -0.39494644   0.00000000     0.13989528   0.00000000
 -0.39494644   0.00000000    -0.61532059   0.00000000     0.13989528   0.00000000
  0.13989528   0.00000000     0.13989528   0.00000000     0.65224310   0.00000000
    2    2
  1.42967081   0.00000000    -0.11259925   0.00000000    -0.08027039   0.00000000
 -0.11259925   0.00000000     1.42967081   0.00000000    -0.08027039   0.00000000
 -0.08027039   0.00000000    -0.08027039   0.00000000     2.75238374   0.00000000
    2    3
  0.31846624   0.00000000     0.60424714   0.00000000     0.03019085   0.00000000
  0.60424714   0.00000000     0.31846624   0.00000000     0.03019085   0.00000000
 -0.17518722   0.00000000    -0.17518722   0.00000000    -0.15123473   0.00000000
    2    4
  0.91958088   0.00000000    -1.69134819   0.00000000    -0.09554652   0.00000000
 -1.69134819   0.00000000     0.91958088   0.00000000    -0.09554652   0.00000000
  0.08494045   0.00000000     0.08494045   0.00000000     0.15436895   0.00000000
    2    5
  0.21756659   0.00000000    -0.44537209   0.00000000     0.07680590   0.00000000
 -0.44537209   0.00000000     0.21756659   0.00000000     0.07680590   0.00000000
 -0.14880779   0.00000000    -0.14880779   0.00000000    -0.16657772   0.00000000
    2    6
 -0.21282096   0.00000000     0.04406750   0.00000000    -0.11497394   0.00000000
  0.04406750   0.00000000    -0.21282096   0.00000000    -0.11497394   0.00000000
  0.05167910   0.00000000     0.05167910   0.00000000     0.02860288   0.00000000
    2    7
  0.68352768   0.00000000    -0.24735600   0.00000000     0.14639479   0.00000000
 -0.24735600   0.00000000     0.68352768   0.00000000     0.14639479   0.00000000
  0.17744895   0.00000000     0.17744895   0.00000000    -2.02585793   0.00000000
    2    8
 -0.38004061   0.00000000     0.65854243   0.00000000    -0.13338657   0.00000000
  0.65854243   0.00000000    -0.38004061   0.00000000    -0.13338657   0.00000000
 -0.00092455   0.00000000    -0.00092455   0.00000000    -1.36755753   0.00000000
    2    9
 -0.13838921   0.00000000     0.94332888   0.00000000     0.46795467   0.00000000
 -0.46089842   0.00000000    -0.42458267   0.00000000    -0.45178528   0.00000000
 -0.01729993   0.00000000    -0.02345520   0.00000000     0.14819763   0.00000000
    2   10
 -0.71643324   0.00000000     0.21464234   0.00000000     0.15125325   0.00000000
  0.21609679   0.00000000     0.09515545   0.00000000    -0.12062577   0.00000000
  0.02632344   0.00000000     0.07814089   0.00000000     0.11535173   0.00000000
    2   11
 -0.42458267   0.00000000    -0.46089842   0.00000000    -0.45178528   0.00000000
  0.94332888   0.00000000    -0.13838921   0.00000000     0.46795467   0.00000000
 -0.02345520   0.00000000    -0.01729993   0.00000000     0.14819763   0.00000000
    2   12
  0.09515545   0.00000000     0.21609679   0.00000000    -0.12062577   0.00000000
  0.21464234   0.00000000    -0.71643324   0.00000000     0.15125325   0.00000000
  0.07814089   0.00000000     0.02632344   0.00000000     0.11535173   0.00000000
    3    1
  0.91958088   0.00000000    -1.69134819   0.00000000     0.08494045   0.00000000
 -1.69134819   0.00000000     0.91958088   0.00000000     0.08494045   0.00000000
 -0.09554652   0.00000000    -0.09554652   0.00000000     0.15436895   0.00000000
    3    2
  0.31846624   0.00000000     0.60424714   0.00000000    -0.17518722   0.00000000
  0.60424714   0.00000000     0.31846624   0.00000000    -0.17518722   0.00000000
  0.03019085   0.00000000     0.03019085   0.00000000    -0.15123473   0.00000000
    3    3
  0.79499394   0.00000000    -0.74207988   0.00000000     0.00347219   0.00000000
 -0.74207988   0.00000000     0.79499394   0.00000000     0.00347219   0.00000000
  0.00347219   0.00000000     0.00347219   0.00000000     3.96234538   0.00000000
    3    4
 -0.00667613   0.00000000     0.21403452   0.00000000     0.05077596   0.00000000
  0.21403452   0.00000000    -0.00667613   0.00000000     0.05077596   0.00000000
  0.05077596   0.00000000     0.05077596   0.00000000    -0.45786207   0.00000000
    3    5
 -0.21548343   0.00000000     0.04147774   0.00000000    -0.06279756   0.00000000
  0.04147774   0.00000000    -0.21548343   0.00000000    -0.06279756   0.00000000
  0.19272913   0.00000000     0.19272913   0.00000000    -0.07592314   0.00000000
    3    6
  0.29568406   0.00000000    -0.36730264   0.00000000    -0.03326441   0.00000000
 -0.36730264   0.00000000     0.29568406   0.00000000    -0.03326441   0.00000000
 -0.13438002   0.00000000    -0.13438002   0.00000000     0.03213036   0.00000000
    3    7
 -0.36282582   0.00000000     0.67570002   0.00000000    -0.05390909   0.00000000
  0.67570002   0.00000000    -0.36282582   0.00000000    -0.05390909   0.00000000
 -0.21408471   0.00000000    -0.21408471   0.00000000    -1.37315062   0.00000000
    3    8
  0.61401911   0.00000000    -0.31695425   0.00000000     0.12819252   0.00000000
 -0.31695425   0.00000000     0.61401911   0.00000000     0.12819252   0.00000000
  0.04587196   0.00000000     0.04587196   0.00000000    -2.07137527   0.00000000
    3    9
 -0.27567209   0.00000000    -0.10850926   0.00000000     0.21253234   0.00000000
  0.13765399   0.00000000     0.39082991   0.00000000     0.01142151   0.00000000
  0.00213363   0.00000000     0.09009747   0.00000000    -0.02268951   0.00000000
    3   10
 -0.09819373   0.00000000     0.86488846   0.00000000     0.46561410   0.00000000
 -0.34106829   0.00000000    -0.58136058   0.00000000    -0.57293093   0.00000000
 -0.08118250   0.00000000    -0.03317400   0.00000000     0.28427515   0.00000000
    3   11
  0.39082991   0.00000000     0.13765399   0.00000000     0.01142151   0.00000000
 -0.10850926   0.00000000    -0.27567209   0.00000000     0.21253234   0.00000000
  0.09009747   0.00000000     0.00213363   0.00000000    -0.02268951   0.00000000
    3   12
 -0.58136058   0.00000000    -0.34106829   0.00000000    -0.57293093   0.00000000
  0.86488846   0.00000000    -0.09819373   0.00000000     0.46561410   0.00000000
 -0.03317400   0.00000000    -0.08118250   0.00000000     0.28427515   0.00000000
    4    1
  0.31846624   0.00000000     0.60424714   0.00000000    -0.17518722   0.00000000
  0.60424714   0.00000000     0.31846624   0.00000000    -0.17518722   0.00000000
  0.03019085   0.00000000     0.03019085   0.00000000    -0.15123473   0.00000000
    4    2
  0.91958088   0.00000000    -1.69134819   0.00000000     0.08494045   0.00000000
 -1.69134819   0.00000000     0.91958088   0.00000000     0.08494045   0.00000000
 -0.09554652   0.00000000    -0.09554652   0.00000000     0.15436895   0.00000000
    4    3
 -0.00667613   0.00000000     0.21403452   0.00000000     0.05077596   0.00000000
  0.21403452   0.00000000    -0.00667613   0.00000000     0.05077596   0.00000000
  0.05077596   0.00000000     0.05077596   0.00000000    -0.45786207   0.00000000
    4    4
  0.79499394   0.00000000    -0.74207988   0.00000000     0.00347219   0.00000000
 -0.74207988   0.00000000     0.79499394   0.00000000     0.00347219   0.00000000
  0.00347219   0.00000000     0.00347219   0.00000000     3.96234538   0.00000000
    4    5
 -0.36282582   0.00000000     0.67570002   0.00000000    -0.05390909   0.00000000
  0.67570002   0.00000000    -0.36282582   0.00000000    -0.05390909   0.00000000
 -0.21408471   0.00000000    -0.21408471   0.00000000    -1.37315062   0.00000000
    4    6
  0.61401911   0.00000000    -0.31695425   0.00000000     0.12819252   0.00000000
 -0.31695425   0.00000000     0.61401911   0.00000000     0.12819252   0.00000000
  0.04587196   0.00000000     0.04587196   0.00000000    -2.07137527   0.00000000
    4    7
 -0.21548343   0.00000000     0.04147774   0.00000000    -0.06279756   0.00000000
  0.04147774   0.00000000    -0.21548343   0.00000000    -0.06279756   0.00000000
  0.19272913   0.00000000     0.19272913   0.00000000    -0.07592314   0.00000000
    4    8
  0.29568406   0.00000000    -0.36730264   0.00000000    -0.03326441   0.00000000
 -0.36730264   0.00000000     0.29568406   0.00000000    -0.03326441   0.00000000
 -0.13438002   0.00000000    -0.13438002   0.00000000     0.03213036   0.00000000
    4    9
 -0.58136058   0.00000000    -0.34106829   0.00000000    -0.57293093   0.00000000
  0.86488846   0.00000000    -0.09819373   0.00000000     0.46561410   0.00000000
 -0.03317400   0.00000000    -0.08118250   0.00000000     0.28427515   0.00000000
    4   10
  0.39082991   0.00000000     0.13765399   0.00000000     0.01142151   0.00000000
 -0.10850926   0.00000000    -0.27567209   0.00000000     0.21253234   0.00000000
  0.09009747   0.00000000     0.00213363   0.00000000    -0.02268951   0.00000000
    4   11
 -0.09819373   0.00000000     0.86488846   0.00000000     0.46561410   0.00000000
 -0.34106829   0.00000000    -0.58136058   0.00000000    -0.57293093   0.00000000
 -0.08118250   0.00000000    -0.03317400   0.00000000     0.28427515   0.00000000
    4   12
 -0.27567209   0.00000000    -0.10850926   0.00000000     0.21253234   0.00000000
  0.13765399   0.00000000     0.39082991   0.00000000     0.01142151   0.00000000
  0.00213363   0.00000000     0.09009747   0.00000000    -0.02268951   0.00000000
    5    1
  0.68352768   0.00000000    -0.24735600   0.00000000     0.17744895   0.00000000
 -0.24735600   0.00000000     0.68352768   0.00000000     0.17744895   0.00000000
  0.14639479   0.00000000     0.14639479   0.00000000    -2.02585793   0.00000000
    5    2
  0.21756659   0.00000000    -0.44537209   0.00000000    -0.14880779   0.00000000
 -0.44537209   0.00000000     0.21756659   0.00000000    -0.14880779   0.00000000
  0.07680590   0.00000000     0.07680590   0.00000000    -0.16657772   0.00000000
    5    3
 -0.21548343   0.00000000     0.04147774   0.00000000     0.19272913   0.00000000
  0.04147774   0.00000000    -0.21548343   0.00000000     0.19272913   0.00000000
 -0.06279756   0.00000000    -0.06279756   0.00000000    -0.07592314   0.00000000
    5    4
 -0.36282582   0.00000000     0.67570002   0.00000000    -0.21408471   0.00000000
  0.67570002   0.00000000    -0.36282582   0.00000000    -0.21408471   0.00000000
 -0.05390909   0.00000000    -0.05390909   0.00000000    -1.37315062   0.00000000
    5    5
 -0.53548823   0.00000000     0.37552513   0.00000000    -0.08734904   0.00000000
  0.37552513   0.00000000    -0.53548823   0.00000000    -0.08734904   0.00000000
 -0.08734904   0.00000000    -0.08734904   0.00000000     3.66915561   0.00000000
    5    6
  0.00892355   0.00000000     0.03779886   0.00000000     0.10225547   0.00000000
  0.03779886   0.00000000     0.00892355   0.00000000     0.10225547   0.00000000
  0.07440811   0.00000000     0.07440811   0.00000000     0.03265774   0.00000000
    5    7
 -0.43199256   0.00000000     0.35061635   0.00000000     0.12274151   0.00000000
  0.35061635   0.00000000    -0.43199256   0.00000000     0.12274151   0.00000000
  0.12274151   0.00000000     0.12274151   0.00000000     0.04010752   0.00000000
    5    8
  0.14484509   0.00000000    -0.17341470   0.00000000    -0.14159844   0.00000000
 -0.17341470   0.00000000     0.14484509   0.00000000    -0.14159844   0.00000000
  0.04333767   0.00000000     0.04333767   0.00000000    -0.14553600   0.00000000
    5    9
 -0.32799319   0.00000000    -0.46071410   0.00000000    -0.24506757   0.00000000
  0.40281229   0.00000000     0.24963363   0.00000000    -0.03965817   0.00000000
 -0.03309137   0.00000000    -0.00316245   0.00000000    -0.05491974   0.00000000
    5   10
  0.35072300   0.00000000     0.05622783   0.00000000     0.10255568   0.00000000
 -0.25391697   0.00000000    -0.08950853   0.00000000     0.20131563   0.00000000
  0.00047939   0.00000000     0.06312523   0.00000000    -0.07824731   0.00000000
    5   11
  0.24963363   0.00000000     0.40281229   0.00000000    -0.03965817   0.00000000
 -0.46071410   0.00000000    -0.32799319   0.00000000    -0.24506757   0.00000000
 -0.00316245   0.00000000    -0.03309137   0.00000000    -0.05491974   0.00000000
    5   12
 -0.08950853   0.00000000    -0.25391697   0.00000000     0.20131563   0.00000000
  0.05622783   0.00000000     0.35072300   0.00000000     0.10255568   0.00000000
  0.06312523   0.00000000     0.00047939   0.00000000    -0.07824731   0.00000000
    6    1
 -0.38004061   0.00000000     0.65854243   0.00000000    -0.00092455   0.00000000
  0.65854243   0.00000000    -0.38004061   0.00000000    -0.00092455   0.00000000
 -0.13338657   0.00000000    -0.13338657   0.00000000    -1.36755753   0.00000000
    6    2
 -0.21282096   0.00000000     0.04406750   0.00000000     0.05167910   0.00000000
  0.04406750   0.00000000    -0.21282096   0.00000000     0.05167910   0.00000000
 -0.11497394   0.00000000    -0.11497394   0.00000000     0.02860288   0.00000000
    6    3
  0.29568406   0.00000000    -0.36730264   0.00000000    -0.13438002   0.00000000
 -0.36730264   0.00000000     0.29568406   0.00000000    -0.13438002   0.00000000
 -0.03326441   0.00000000    -0.03326441   0.00000000     0.03213036   0.00000000
    6    4
  0.61401911   0.00000000    -0.31695425   0.00000000     0.04587196   0.00000000
 -0.31695425   0.00000000     0.61401911   0.00000000     0.04587196   0.00000000
  0.12819252   0.00000000     0.12819252   0.00000000    -2.07137527   0.00000000
    6    5
  0.00892355   0.00000000     0.03779886   0.00000000     0.07440811   0.00000000
  0.03779886   0.00000000     0.00892355   0.00000000     0.07440811   0.00000000
  0.10225547   0.00000000     0.10225547   0.00000000     0.03265774   0.00000000
    6    6
 -0.52548824   0.00000000     0.38536873   0.00000000    -0.07837224   0.00000000
  0.38536873   0.00000000    -0.52548824   0.00000000    -0.07837224   0.00000000
 -0.07837224   0.00000000    -0.07837224   0.00000000     3.59624703   0.00000000
    6    7
  0.14484509   0.00000000    -0.17341470   0.00000000     0.04333767   0.00000000
 -0.17341470   0.00000000     0.14484509   0.00000000     0.04333767   0.00000000
 -0.14159844   0.00000000    -0.14159844   0.00000000    -0.14553600   0.00000000
    6    8
 -0.44549783   0.00000000     0.33703186   0.00000000    -0.02600874   0.00000000
  0.33703186   0.00000000    -0.44549783   0.00000000    -0.02600874   0.00000000
 -0.02600874   0.00000000    -0.02600874   0.00000000     0.20351379   0.00000000
    6    9
  0.27070380   0.00000000     0.08356940   0.00000000    -0.05324492   0.00000000
 -0.21926735   0.00000000    -0.17581685   0.00000000     0.05475047   0.00000000
  0.02989906   0.00000000     0.00610972   0.00000000    -0.04483496   0.00000000
    6   10
 -0.28631217   0.00000000    -0.46179782   0.00000000    -0.11953013   0.00000000
  0.39200413   0.00000000     0.29381684   0.00000000     0.07999013   0.00000000
 -0.00148886   0.00000000    -0.06552832   0.00000000    -0.12223055   0.00000000
    6   11
 -0.17581685   0.00000000    -0.21926735   0.00000000     0.05475047   0.00000000
  0.08356940   0.00000000     0.27070380   0.00000000    -0.05324492   0.00000000
  0.00610972   0.00000000     0.02989906   0.00000000    -0.04483496   0.00000000
    6   12
  0.29381684   0.00000000     0.39200413   0.00000000     0.07999013   0.00000000
 -0.46179782   0.00000000    -0.28631217   0.00000000    -0.11953013   0.00000000
 -0.06552832   0.00000000    -0.00148886   0.00000000    -0.12223055   0.00000000
    7    1
  0.21756659   0.00000000    -0.44537209   0.00000000    -0.14880779   0.00000000
 -0.44537209   0.00000000     0.21756659   0.00000000    -0.14880779   0.00000000
  0.07680590   0.00000000     0.07680590   0.00000000    -0.16657772   0.00000000
    7    2
  0.68352768   0.00000000    -0.24735600   0.00000000     0.17744895   0.00000000
 -0.24735600   0.00000000     0.68352768   0.00000000     0.17744895   0.00000000
  0.14639479   0.00000000     0.14639479   0.00000000    -2.02585793   0.00000000
    7    3
 -0.36282582   0.00000000     0.67570002   0.00000000    -0.21408471   0.00000000
  0.67570002   0.00000000    -0.36282582   0.00000000    -0.21408471   0.00000000
 -0.05390909   0.00000000    -0.05390909   0.00000000    -1.37315062   0.00000000
    7    4
 -0.21548343   0.00000000     0.04147774   0.00000000     0.19272913   0.00000000
  0.04147774   0.00000000    -0.21548343   0.00000000     0.19272913   0.00000000
 -0.06279756   0.00000000    -0.06279756   0.00000000    -0.07592314   0.00000000
    7    5
 -0.43199256   0.00000000     0.35061635   0.00000000     0.12274151   0.00000000
  0.35061635   0.00000000    -0.43199256   0.00000000     0.12274151   0.00000000
  0.12274151   0.00000000     0.12274151   0.00000000     0.04010752   0.00000000
    7    6
  0.14484509   0.00000000    -0.17341470   0.00000000    -0.14159844   0.00000000
 -0.17341470   0.00000000     0.14484509   0.00000000    -0.14159844   0.00000000
  0.04333767   0.00000000     0.04333767   0.00000000    -0.14553600   0.00000000
    7    7
 -0.53548823   0.00000000     0.37552513   0.00000000    -0.08734904   0.00000000
  0.37552513   0.00000000    -0.53548823   0.00000000    -0.08734904   0.00000000
 -0.08734904   0.00000000    -0.08734904   0.00000000     3.66915561   0.00000000
    7    8
  0.00892355   0.00000000     0.03779886   0.00000000     0.10225547   0.00000000
  0.03779886   0.00000000     0.00892355   0.00000000     0.10225547   0.00000000
  0.07440811   0.00000000     0.07440811   0.00000000     0.03265774   0.00000000
    7    9
 -0.08950853   0.00000000    -0.25391697   0.00000000     0.20131563   0.00000000
  0.05622783   0.00000000     0.35072300   0.00000000     0.10255568   0.00000000
  0.06312523   0.00000000     0.00047939   0.00000000    -0.07824731   0.00000000
    7   10
  0.24963363   0.00000000     0.40281229   0.00000000    -0.03965817   0.00000000
 -0.46071410   0.00000000    -0.32799319   0.00000000    -0.24506757   0.00000000
 -0.00316245   0.00000000    -0.03309137   0.00000000    -0.05491974   0.00000000
    7   11
  0.35072300   0.00000000     0.05622783   0.00000000     0.10255568   0.00000000
 -0.25391697   0.00000000    -0.08950853   0.00000000     0.20131563   0.00000000
  0.00047939   0.00000000     0.06312523   0.00000000    -0.07824731   0.00000000
    7   12
 -0.32799319   0.00000000    -0.46071410   0.00000000    -0.24506757   0.00000000
  0.40281229   0.00000000     0.24963363   0.00000000    -0.03965817   0.00000000
 -0.03309137   0.00000000    -0.00316245   0.00000000    -0.05491974   0.00000000
    8    1
 -0.21282096   0.00000000     0.04406750   0.00000000     0.05167910   0.00000000
  0.04406750   0.00000000    -0.21282096   0.00000000     0.05167910   0.00000000
 -0.11497394   0.00000000    -0.11497394   0.00000000     0.02860288   0.00000000
    8    2
 -0.38004061   0.00000000     0.65854243   0.00000000    -0.00092455   0.00000000
  0.65854243   0.00000000    -0.38004061   0.00000000    -0.00092455   0.00000000
 -0.13338657   0.00000000    -0.13338657   0.00000000    -1.36755753   0.00000000
    8    3
  0.61401911   0.00000000    -0.31695425   0.00000000     0.04587196   0.00000000
 -0.31695425   0.00000000     0.61401911   0.00000000     0.04587196   0.00000000
  0.12819252   0.00000000     0.12819252   0.00000000    -2.07137527   0.00000000
    8    4
  0.29568406   0.00000000    -0.36730264   0.00000000    -0.13438002   0.00000000
 -0.36730264   0.00000000     0.29568406   0.00000000    -0.13438002   0.00000000
 -0.03326441   0.00000000    -0.03326441   0.00000000     0.03213036   0.00000000
    8    5
  0.14484509   0.00000000    -0.17341470   0.00000000     0.04333767   0.00000000
 -0.17341470   0.00000000     0.14484509   0.00000000     0.04333767   0.00000000
 -0.14159844   0.00000000    -0.14159844   0.00000000    -0.14553600   0.00000000
    8    6
 -0.44549783   0.00000000     0.33703186   0.00000000    -0.02600874   0.00000000
  0.33703186   0.00000000    -0.44549783   0.00000000    -0.02600874   0.00000000
 -0.02600874   0.00000000    -0.02600874   0.00000000     0.20351379   0.00000000
    8    7
  0.00892355   0.00000000     0.03779886   0.00000000     0.07440811   0.00000000
  0.03779886   0.00000000     0.00892355   0.00000000     0.07440811   0.00000000
  0.10225547   0.00000000     0.10225547   0.00000000     0.03265774   0.00000000
    8    8
 -0.52548824   0.00000000     0.38536873   0.00000000    -0.07837224   0.00000000
  0.38536873   0.00000000    -0.52548824   0.00000000    -0.07837224   0.00000000
 -0.07837224   0.00000000    -0.07837224   0.00000000     3.59624703   0.00000000
    8    9
  0.29381684   0.00000000     0.39200413   0.00000000     0.07999013   0.00000000
 -0.46179782   0.00000000    -0.28631217   0.00000000    -0.11953013   0.00000000
 -0.06552832   0.00000000    -0.00148886   0.00000000    -0.12223055   0.00000000
    8   10
 -0.17581685   0.00000000    -0.21926735   0.00000000     0.05475047   0.00000000
  0.08356940   0.00000000     0.27070380   0.00000000    -0.05324492   0.00000000
  0.00610972   0.00000000     0.02989906   0.00000000    -0.04483496   0.00000000
    8   11
 -0.28631217   0.00000000    -0.46179782   0.00000000    -0.11953013   0.00000000
  0.39200413   0.00000000     0.29381684   0.00000000     0.07999013   0.00000000
 -0.00148886   0.00000000    -0.06552832   0.00000000    -0.12223055   0.00000000
    8   12
  0.27070380   0.00000000     0.08356940   0.00000000    -0.05324492   0.00000000
 -0.21926735   0.00000000    -0.17581685   0.00000000     0.05475047   0.00000000
  0.02989906   0.00000000     0.00610972   0.00000000    -0.04483496   0.00000000
    9    1
  0.09515545   0.00000000     0.21464234   0.00000000     0.07814089   0.00000000
  0.21609679   0.00000000    -0.71643324   0.00000000     0.02632344   0.00000000
 -0.12062577   0.00000000     0.15125325   0.00000000     0.11535173   0.00000000
    9    2
 -0.13838921   0.00000000    -0.46089842   0.00000000    -0.01729993   0.00000000
  0.94332888   0.00000000    -0.42458267   0.00000000    -0.02345520   0.00000000
  0.46795467   0.00000000    -0.45178528   0.00000000     0.14819763   0.00000000
    9    3
 -0.27567209   0.00000000     0.13765399   0.00000000     0.00213363   0.00000000
 -0.10850926   0.00000000     0.39082991   0.00000000     0.09009747   0.00000000
  0.21253234   0.00000000     0.01142151   0.00000000    -0.02268951   0.00000000
    9    4
 -0.58136058   0.00000000     0.86488846   0.00000000    -0.03317400   0.00000000
 -0.34106829   0.00000000    -0.09819373   0.00000000    -0.08118250   0.00000000
 -0.57293093   0.00000000     0.46561410   0.00000000     0.28427515   0.00000000
    9    5
 -0.32799319   0.00000000     0.40281229   0.00000000    -0.03309137   0.00000000
 -0.46071410   0.00000000     0.24963363   0.00000000    -0.00316245   0.00000000
 -0.24506757   0.00000000    -0.03965817   0.00000000    -0.05491974   0.00000000
    9    6
  0.27070380   0.00000000    -0.21926735   0.00000000     0.02989906   0.00000000
  0.08356940   0.00000000    -0.17581685   0.00000000     0.00610972   0.00000000
 -0.05324492   0.00000000     0.05475047   0.00000000    -0.04483496   0.00000000
    9    7
 -0.08950853   0.00000000     0.05622783   0.00000000     0.06312523   0.00000000
 -0.25391697   0.00000000     0.35072300   0.00000000     0.00047939   0.00000000
  0.20131563   0.00000000     0.10255568   0.00000000    -0.07824731   0.00000000
    9    8
  0.29381684   0.00000000    -0.46179782   0.00000000    -0.06552832   0.00000000
  0.39200413   0.00000000    -0.28631217   0.00000000    -0.00148886   0.00000000
  0.07999013   0.00000000    -0.11953013   0.00000000    -0.12223055   0.00000000
    9    9
 -0.05277793   0.00000000    -0.64422561   0.00000000    -0.30571217   0.00000000
 -0.64422561   0.00000000     0.01803905   0.00000000    -0.41233621   0.00000000
 -0.30571217   0.00000000    -0.41233621   0.00000000     0.51598828   0.00000000
    9   10
  0.50546153   0.00000000    -0.03090433   0.00000000    -0.05448370   0.00000000
  0.21878634   0.00000000     0.50546153   0.00000000    -0.03074482   0.00000000
 -0.03074482   0.00000000    -0.05448370   0.00000000    -0.25942250   0.00000000
    9   11
  0.47688452   0.00000000     0.33826113   0.00000000     0.27583570   0.00000000
  0.34615984   0.00000000     0.47688452   0.00000000     0.38919619   0.00000000
  0.38919619   0.00000000     0.27583570   0.00000000     0.06185208   0.00000000
    9   12
  0.02957403   0.00000000    -0.41638387   0.00000000     0.12883944   0.00000000
 -0.41638387   0.00000000    -0.49027054   0.00000000    -0.00094303   0.00000000
  0.12883944   0.00000000    -0.00094303   0.00000000     0.21899634   0.00000000
   10    1
 -0.42458267   0.00000000     0.94332888   0.00000000    -0.02345520   0.00000000
 -0.46089842   0.00000000    -0.13838921   0.00000000    -0.01729993   0.00000000
 -0.45178528   0.00000000     0.46795467   0.00000000     0.14819763   0.00000000
   10    2
 -0.71643324   0.00000000     0.21609679   0.00000000     0.02632344   0.00000000
  0.21464234   0.00000000     0.09515545   0.00000000     0.07814089   0.00000000
  0.15125325   0.00000000    -0.12062577   0.00000000     0.11535173   0.00000000
   10    3
 -0.09819373   0.00000000    -0.34106829   0.00000000    -0.08118250   0.00000000
  0.86488846   0.00000000    -0.58136058   0.00000000    -0.03317400   0.00000000
  0.46561410   0.00000000    -0.57293093   0.00000000     0.28427515   0.00000000
   10    4
  0.39082991   0.00000000    -0.10850926   0.00000000     0.09009747   0.00000000
  0.13765399   0.00000000    -0.27567209   0.00000000     0.00213363   0.00000000
  0.01142151   0.00000000     0.21253234   0.00000000    -0.02268951   0.00000000
   10    5
  0.35072300   0.00000000    -0.25391697   0.00000000     0.00047939   0.00000000
  0.05622783   0.00000000    -0.08950853   0.00000000     0.06312523   0.00000000
  0.10255568   0.00000000     0.20131563   0.00000000    -0.07824731   0.00000000
   10    6
 -0.28631217   0.00000000     0.39200413   0.00000000    -0.00148886   0.00000000
 -0.46179782   0.00000000     0.29381684   0.00000000    -0.06552832   0.00000000
 -0.11953013   0.00000000     0.07999013   0.00000000    -0.12223055   0.00000000
   10    7
  0.24963363   0.00000000    -0.46071410   0.00000000    -0.00316245   0.00000000
  0.40281229   0.00000000    -0.32799319   0.00000000    -0.03309137   0.00000000
 -0.03965817   0.00000000    -0.24506757   0.00000000    -0.05491974   0.00000000
   10    8
 -0.17581685   0.00000000     0.08356940   0.00000000     0.00610972   0.00000000
 -0.21926735   0.00000000     0.27070380   0.00000000     0.02989906   0.00000000
  0.05475047   0.00000000    -0.05324492   0.00000000    -0.04483496   0.00000000
   10    9
  0.50546153   0.00000000     0.21878634   0.00000000    -0.03074482   0.00000000
 -0.03090433   0.00000000     0.50546153   0.00000000    -0.05448370   0.00000000
 -0.05448370   0.00000000    -0.03074482   0.00000000    -0.25942250   0.00000000
   10   10
  0.01803905   0.00000000    -0.64422561   0.00000000    -0.41233621   0.00000000
 -0.64422561   0.00000000    -0.05277793   0.00000000    -0.30571217   0.00000000
 -0.41233621   0.00000000    -0.30571217   0.00000000     0.51598828   0.00000000
   10   11
 -0.49027054   0.00000000    -0.41638387   0.00000000    -0.00094303   0.00000000
 -0.41638387   0.00000000     0.02957403   0.00000000     0.12883944   0.00000000
 -0.00094303   0.00000000     0.12883944   0.00000000     0.21899634   0.00000000
   10   12
  0.47688452   0.00000000     0.34615984   0.00000000     0.38919619   0.00000000
  0.33826113   0.00000000     0.47688452   0.00000000     0.27583570   0.00000000
  0.27583570   0.00000000     0.38919619   0.00000000     0.06185208   0.00000000
   11    1
 -0.71643324   0.00000000     0.21609679   0.00000000     0.02632344   0.00000000
  0.21464234   0.00000000     0.09515545   0.00000000     0.07814089   0.00000000
  0.15125325   0.00000000    -0.12062577   0.00000000     0.11535173   0.00000000
   11    2
 -0.42458267   0.00000000     0.94332888   0.00000000    -0.02345520   0.00000000
 -0.46089842   0.00000000    -0.13838921   0.00000000    -0.01729993   0.00000000
 -0.45178528   0.00000000     0.46795467   0.00000000     0.14819763   0.00000000
   11    3
  0.39082991   0.00000000    -0.10850926   0.00000000     0.09009747   0.00000000
  0.13765399   0.00000000    -0.27567209   0.00000000     0.00213363   0.00000000
  0.01142151   0.00000000     0.21253234   0.00000000    -0.02268951   0.00000000
   11    4
 -0.09819373   0.00000000    -0.34106829   0.00000000    -0.08118250   0.00000000
  0.86488846   0.00000000    -0.58136058   0.00000000    -0.03317400   0.00000000
  0.46561410   0.00000000    -0.57293093   0.00000000     0.28427515   0.00000000
   11    5
  0.24963363   0.00000000    -0.46071410   0.00000000    -0.00316245   0.00000000
  0.40281229   0.00000000    -0.32799319   0.00000000    -0.03309137   0.00000000
 -0.03965817   0.00000000    -0.24506757   0.00000000    -0.05491974   0.00000000
   11    6
 -0.17581685   0.00000000     0.08356940   0.00000000     0.00610972   0.00000000
 -0.21926735   0.00000000     0.27070380   0.00000000     0.02989906   0.00000000
  0.05475047   0.00000000    -0.05324492   0.00000000    -0.04483496   0.00000000
   11    7
  0.35072300   0.00000000    -0.25391697   0.00000000     0.00047939   0.00000000
  0.05622783   0.00000000    -0.08950853   0.00000000     0.06312523   0.00000000
  0.10255568   0.00000000     0.20131563   0.00000000    -0.07824731   0.00000000
   11    8
 -0.28631217   0.00000000     0.39200413   0.00000000    -0.00148886   0.00000000
 -0.46179782   0.00000000     0.29381684   0.00000000    -0.06552832   0.00000000
 -0.11953013   0.00000000     0.07999013   0.00000000    -0.12223055   0.00000000
   11    9
  0.47688452   0.00000000     0.34615984   0.00000000     0.38919619   0.00000000
  0.33826113   0.00000000     0.47688452   0.00000000     0.27583570   0.00000000
  0.27583570   0.00000000     0.38919619   0.00000000     0.06185208   0.00000000
   11   10
 -0.49027054   0.00000000    -0.41638387   0.00000000    -0.00094303   0.00000000
 -0.41638387   0.00000000     0.02957403   0.00000000     0.12883944   0.00000000
 -0.00094303   0.00000000     0.12883944   0.00000000     0.21899634   0.00000000
   11   11
  0.01803905   0.00000000    -0.64422561   0.00000000    -0.41233621   0.00000000
 -0.64422561   0.00000000    -0.05277793   0.00000000    -0.30571217   0.00000000
 -0.41233621   0.00000000    -0.30571217   0.00000000     0.51598828   0.00000000
   11   12
  0.50546153   0.00000000     0.21878634   0.00000000    -0.03074482   0.00000000
 -0.03090433   0.00000000     0.50546153   0.00000000    -0.05448370   0.00000000
 -0.05448370   0.00000000    -0.03074482   0.00000000    -0.25942250   0.00000000
   12    1
 -0.13838921   0.00000000    -0.46089842   0.00000000    -0.01729993   0.00000000
  0.94332888   0.00000000    -0.42458267   0.00000000    -0.02345520   0.00000000
  0.46795467   0.00000000    -0.45178528   0.00000000     0.14819763   0.00000000
   12    2
  0.09515545   0.00000000     0.21464234   0.00000000     0.07814089   0.00000000
  0.21609679   0.00000000    -0.71643324   0.00000000     0.02632344   0.00000000
 -0.12062577   0.00000000     0.15125325   0.00000000     0.11535173   0.00000000
   12    3
 -0.58136058   0.00000000     0.86488846   0.00000000    -0.03317400   0.00000000
 -0.34106829   0.00000000    -0.09819373   0.00000000    -0.08118250   0.00000000
 -0.57293093   0.00000000     0.46561410   0.00000000     0.28427515   0.00000000
   12    4
 -0.27567209   0.00000000     0.13765399   0.00000000     0.00213363   0.00000000
 -0.10850926   0.00000000     0.39082991   0.00000000     0.09009747   0.00000000
  0.21253234   0.00000000     0.01142151   0.00000000    -0.02268951   0.00000000
   12    5
 -0.08950853   0.00000000     0.05622783   0.00000000     0.06312523   0.00000000
 -0.25391697   0.00000000     0.35072300   0.00000000     0.00047939   0.00000000
  0.20131563   0.00000000     0.10255568   0.00000000    -0.07824731   0.00000000
   12    6
  0.29381684   0.00000000    -0.46179782   0.00000000    -0.06552832   0.00000000
  0.39200413   0.00000000    -0.28631217   0.00000000    -0.00148886   0.00000000
  0.07999013   0.00000000    -0.11953013   0.00000000    -0.12223055   0.00000000
   12    7
 -0.32799319   0.00000000     0.40281229   0.00000000    -0.03309137   0.00000000
 -0.46071410   0.00000000     0.24963363   0.00000000    -0.00316245   0.00000000
 -0.24506757   0.00000000    -0.03965817   0.00000000    -0.05491974   0.00000000
   12    8
  0.27070380   0.00000000    -0.21926735   0.00000000     0.02989906   0.00000000
  0.08356940   0.00000000    -0.17581685   0.00000000     0.00610972   0.00000000
 -0.05324492   0.00000000     0.05475047   0.00000000    -0.04483496   0.00000000
   12    9
  0.02957403   0.00000000    -0.41638387   0.00000000     0.12883944   0.00000000
 -0.41638387   0.00000000    -0.49027054   0.00000000    -0.00094303   0.00000000
  0.12883944   0.00000000    -0.00094303   0.00000000     0.21899634   0.00000000
   12   10
  0.47688452   0.00000000     0.33826113   0.00000000     0.27583570   0.00000000
  0.34615984   0.00000000     0.47688452   0.00000000     0.38919619   0.00000000
  0.38919619   0.00000000     0.27583570   0.00000000     0.06185208   0.00000000
   12   11
  0.50546153   0.00000000    -0.03090433   0.00000000    -0.05448370   0.00000000
  0.21878634   0.00000000     0.50546153   0.00000000    -0.03074482   0.00000000
 -0.03074482   0.00000000    -0.05448370   0.00000000    -0.25942250   0.00000000
   12   12
 -0.05277793   0.00000000    -0.64422561   0.00000000    -0.30571217   0.00000000
 -0.64422561   0.00000000     0.01803905   0.00000000    -0.41233621   0.00000000
 -0.30571217   0.00000000    -0.41233621   0.00000000     0.51598828   0.00000000

     Diagonalizing the dynamical matrix

     q = (    0.000000000   0.000000000   0.000000000 ) 

 **************************************************************************
     freq (    1) =     -49.653794 [THz] =   -1656.272299 [cm-1]
 ( -0.022470  0.000000  0.022470  0.000000  0.000000  0.000000 ) 
 ( -0.022470  0.000000  0.022470  0.000000  0.000000  0.000000 ) 
 (  0.021479  0.000000 -0.021479  0.000000  0.000000  0.000000 ) 
 (  0.021479  0.000000 -0.021479  0.000000 -0.000000  0.000000 ) 
 (  0.034176  0.000000 -0.034176  0.000000 -0.000000  0.000000 ) 
 ( -0.033006  0.000000  0.033006  0.000000 -0.000000  0.000000 ) 
 (  0.034176  0.000000 -0.034176  0.000000 -0.000000  0.000000 ) 
 ( -0.033006  0.000000  0.033006  0.000000  0.000000  0.000000 ) 
 (  0.308580  0.000000  0.374578  0.000000  0.106048  0.000000 ) 
 ( -0.374578  0.000000 -0.308580  0.000000 -0.106048  0.000000 ) 
 ( -0.374578  0.000000 -0.308580  0.000000 -0.106048  0.000000 ) 
 (  0.308580  0.000000  0.374578  0.000000  0.106048  0.000000 ) 
     freq (    2) =     -33.780742 [THz] =   -1126.804248 [cm-1]
 ( -0.029118  0.000000  0.029118 -0.000000 -0.000000  0.000000 ) 
 (  0.029118 -0.000000 -0.029118  0.000000 -0.000000  0.000000 ) 
 (  0.032222 -0.000000 -0.032222  0.000000 -0.000000  0.000000 ) 
 ( -0.032222  0.000000  0.032222 -0.000000  0.000000 -0.000000 ) 
 ( -0.027632  0.000000  0.027632 -0.000000  0.000000 -0.000000 ) 
 ( -0.023723  0.000000  0.023723 -0.000000  0.000000 -0.000000 ) 
 (  0.027632 -0.000000 -0.027632  0.000000  0.000000 -0.000000 ) 
